20
25
00000000000000000000
00000000000000000000
00000000000000000000
00000000000000000000
00000000000002000000
00000000000000000000
00000000000000000000
00000200000000000000
00000000000000000000
00000000000000000000
00000000000000000000
00000000000000000000
00000000002000000000
00000000000000000000
00000000000000000000
00000000000000000000
00000000000002000000
00002000000000000000
00000000000000000000
00000000000000000000



DFS
8
8
00000000
00000000
00000000
00002000
00000000
00000200
00000000
00000000